15,62,2,39,49,25,65,28,84,59,75,24,20,76,60,55,17,7,93,69,32,23,44,81,8,67,41,56,43,89,95,97,61,77,64,37,29,10

92  3 88 13 50
90 70 24 28 52
15 98 10 26  5
84 34 37 73 87
25 36 74 33 63

66 64 50 75 53
73 24 80 84  5
72 20 68  1 99
83 57 44 60 52
32 15 59 48 98

33 51 85 92 89
38 22 93 62 75
24 76 50 90 25
69  6 52 77  3
47  9 88 53 63

78 75 29 32 73
22 85 42  1 23
80 98 81 58  9
61 76 69 83 53
71  7 15 11 95

33 57 76 73 26
 6 71 35 39 85
54 77 36 14 87
66 79  8 64 32
 2 84 98 34 13

43 51 16 95 59
22 53  6 49 94
32 72 46 23 37
40 85 39 45 74
87 62 69 98  0

84  5 73 32 23
40 64 98 27  8
80 71  1 31 69
46 42  7  4 70
88 90 48 33 29

 3 91  8 98 50
54 70 29 94 25
17 77 33 46 12
28 36 39 40  5
22 38 51 69 45

90 35 94 31 44
11 13 74 38 49
60 96 91 63 16
23 26 84 41  7
73 65 32 18 81

62 42 35 21 87
57 27 26 71 94
73 92 77 53 86
 1 60 38 75 43
10 70 55 84  5

 3 58 57 66 51
67 94 37 86 25
33 11  4 36 83
64  2  0 13 59
77 19 80 93 97

99 13 24 49 90
96 15 10 67  2
 9 78  5 42 80
28 75 51 58 82
31 83 20 60 48

91 38 65 34 58
71 28 66 64 72
63 10 83 37 56
84 39 19 51 74
23 90 81 85 13